2 1 5 3 7 4 6 8  40
2 1 5 3 6 7 4 8  40
2 1 5 6 3 7 4 8  44
2 1 5 3 7 4 8 6  45
1 2 5 3 7 4 6 8  46
1 2 5 3 6 7 4 8  46
2 3 6 7 4 8 1 5  46
2 3 7 4 6 8 1 5  46
4 8 1 2 5 3 6 7  48
4 8 1 2 5 3 7 6  48
2 1 5 4 8 3 7 6  50
2 1 5 4 8 3 6 7  50
2 3 7 4 8 1 5 6  50
2 1 5 4 6 8 3 7  50
1 2 5 6 3 7 4 8  50
1 2 5 3 7 4 8 6  51
2 1 6 5 3 7 4 8  52
2 1 5 3 7 6 4 8  52
3 7 4 8 1 2 5 6  52
4 8 1 2 5 6 3 7  52
1 5 2 3 7 4 6 8  54
1 5 2 3 6 7 4 8  54
2 1 5 4 8 6 3 7  54
2 4 6 8 1 5 3 7  55
2 4 8 1 5 3 6 7  55
2 6 3 7 4 8 1 5  55
2 4 8 1 5 3 7 6  55
1 5 3 2 7 4 6 8  55
4 2 8 1 5 3 6 7  56
4 8 3 7 1 2 5 6  56
4 8 1 5 2 3 7 6  56
4 8 1 5 2 3 6 7  56
1 2 5 4 8 3 7 6  56
1 2 5 4 6 8 3 7  56
4 2 8 1 5 3 7 6  56
1 2 5 4 8 3 6 7  56
4 8 3 7 2 1 5 6  56
4 8 1 5 3 2 7 6  57
2 1 5 6 4 8 3 7  57
3 2 7 4 6 8 1 5  57
2 3 7 1 5 4 6 8  58
2 3 7 4 8 1 6 5  58
2 3 7 6 4 8 1 5  58
4 8 2 1 5 3 6 7  58
2 3 6 7 1 5 4 8  58
4 8 2 1 5 3 7 6  58
1 2 6 5 3 7 4 8  58
1 2 5 3 7 6 4 8  58
2 4 6 8 3 7 1 5  59
2 4 8 1 5 6 3 7  59
1 5 3 7 4 2 6 8  59
1 5 3 7 4 2 8 6  59
1 5 2 3 7 4 8 6  59
2 4 8 3 6 7 1 5  59
3 7 1 2 5 4 6 8  60
4 2 8 3 6 7 1 5  60
3 7 4 2 8 1 5 6  60
1 5 3 2 7 4 8 6  60
3 7 4 8 1 2 6 5  60
4 8 1 2 6 5 3 7  60
4 2 8 1 5 6 3 7  60
1 2 5 4 8 6 3 7  60
3 7 2 1 5 4 6 8  60
3 7 4 2 6 8 1 5  61
4 2 6 8 1 5 3 7  61
3 2 7 4 8 1 5 6  61
2 3 7 4 8 6 1 5  61
1 5 3 2 6 7 4 8  62
2 1 6 5 4 8 3 7  62
3 7 4 8 2 1 5 6  62
4 8 2 1 5 6 3 7  62
1 5 2 6 3 7 4 8  63
1 2 5 6 4 8 3 7  63
2 4 8 6 3 7 1 5  63
2 3 7 1 5 4 8 6  63
2 4 8 3 7 1 5 6  63
1 5 2 4 6 8 3 7  64
1 5 2 4 8 3 6 7  64
1 5 3 7 2 4 6 8  64
4 2 8 6 3 7 1 5  64
3 2 6 7 4 8 1 5  64
4 8 3 7 2 1 6 5  64
1 5 4 2 8 3 6 7  64
4 2 8 3 7 1 5 6  64
1 5 4 2 8 3 7 6  64
4 8 1 5 3 2 6 7  64
1 5 2 4 8 3 7 6  64
4 8 3 7 1 2 6 5  64
3 7 2 1 5 4 8 6  65
4 8 1 5 2 6 3 7  65
3 7 1 2 5 4 8 6  65
2 6 1 5 3 7 4 8  65
2 3 7 1 5 6 4 8  65
4 2 6 8 3 7 1 5  65
3 7 4 8 1 5 2 6  65
1 5 4 8 3 2 7 6  65
2 3 7 6 1 5 4 8  65
4 8 3 2 7 1 5 6  65
1 5 2 3 7 6 4 8  66
3 7 2 4 6 8 1 5  66
4 8 1 5 3 7 2 6  66
2 4 8 3 7 6 1 5  66
3 7 2 1 5 6 4 8  67
4 2 8 3 7 6 1 5  67
4 8 2 3 6 7 1 5  67
2 6 3 7 1 5 4 8  67
2 6 4 8 1 5 3 7  67
3 7 1 2 5 6 4 8  67
1 5 3 2 7 6 4 8  67
2 4 8 1 6 5 3 7  67
3 7 4 2 8 1 6 5  68
4 2 8 1 6 5 3 7  68
3 7 1 5 2 4 6 8  68
1 5 2 4 8 6 3 7  68
1 5 4 2 8 6 3 7  68
4 8 3 2 7 6 1 5  68
4 8 3 2 6 7 1 5  68
1 2 6 5 4 8 3 7  68
1 5 4 2 6 8 3 7  69
1 5 3 7 2 4 8 6  69
4 8 3 7 1 5 2 6  69
3 2 7 6 4 8 1 5  69
3 2 7 4 8 1 6 5  69
3 2 7 1 5 4 6 8  69
2 3 7 1 6 5 4 8  70
4 8 2 1 6 5 3 7  70
3 7 2 4 8 1 5 6  70
2 4 8 6 1 5 3 7  70
3 7 4 8 2 1 6 5  70
4 2 8 6 1 5 3 7  71
4 8 2 3 7 1 5 6  71
2 6 4 8 3 7 1 5  71
1 5 4 8 2 3 7 6  71
2 4 8 3 7 1 6 5  71
1 5 3 7 4 8 2 6  71
3 7 4 2 8 6 1 5  71
1 5 4 8 2 3 6 7  71
3 7 1 2 6 5 4 8  72
3 2 7 4 8 6 1 5  72
3 7 2 1 6 5 4 8  72
1 5 4 8 3 2 6 7  72
4 2 8 3 7 1 6 5  72
3 7 1 5 4 2 8 6  73
4 8 3 2 7 1 6 5  73
3 7 1 5 4 2 6 8  73
3 7 1 5 2 4 8 6  73
3 2 7 1 5 4 8 6  74
1 5 4 8 3 7 2 6  74
4 8 2 3 7 6 1 5  74
2 6 1 5 4 8 3 7  75
4 8 2 6 3 7 1 5  76
1 5 3 7 2 6 4 8  76
1 5 2 6 4 8 3 7  76
3 2 7 6 1 5 4 8  76
3 2 6 7 1 5 4 8  76
3 2 7 1 5 6 4 8  76
4 8 3 7 2 6 1 5  77
3 7 2 4 8 1 6 5  78
3 7 2 6 4 8 1 5  78
4 8 2 3 7 1 6 5  79
3 7 1 5 2 6 4 8  80
1 5 4 8 2 6 3 7  80
3 2 7 1 6 5 4 8  81
3 7 2 4 8 6 1 5  81
3 7 4 8 2 6 1 5  83
4 8 2 6 1 5 3 7  83
3 7 1 5 4 8 2 6  85
3 7 2 6 1 5 4 8  85
